# 1
^ 3
# 2
^ 3 1 3 
# 3
^ 0 1648.39 -331.098 3572.05 1000
^ 1 754.743 -332.705 3714.37 500
^ 2 1024.61 -307.026 4538.05 500
# 4
^ 0 0 -100 -100 -100 130 100 180 1559.24 -327.577 2950.4 0 -0.35 0
^ 0 1 -100 -100 -280 100 100 100 1648.39 -331.098 3572.05 0 0.55 0
^ 0 2 -100 -100 -130 100 100 190 1512.74 -330 3219.79 0 0 0
^ 1 0 -170 -100 -250 100 100 300 754.743 -332.705 3714.37 0 0 0
^ 2 0 -100 -100 -100 210 100 100 1050.46 -297.514 4525.02 0 -0.4 0
^ 2 1 -100 -100 -100 340 100 100 1224.88 -302.595 4629.92 0 -1 0
^ 2 2 -100 -100 -100 240 100 100 798.483 -320.97 4459.21 0 0 0
